[TexturePanels]
file = solar\asteroids\debris_shapes.ini

[Field]
cube_size = 1000 ;400
fill_dist = 5000 ;1100
tint_field = 120, 120, 120
;empty_cube_frequency = 0.200000

[properties]
flag = debris_objects
flag = object_density_high

[DynamicAsteroids]
asteroid = debris_med1
count = 100 ;LAst
placement_radius = 1500.000000 ;LAst
placement_offset = 0.000000 ;LAst
max_velocity = 0.600000 ;LAst
max_angular_velocity = 0.300000 ;LAst
color_shift = 1.000000, 1.000000, 1.000000

[DynamicAsteroids]
asteroid = debris_large1
count = 100 ;LAst
placement_radius = 1500.000000 ;LAst
placement_offset = 0.000000 ;LAst
max_velocity = 0.600000 ;LAst
max_angular_velocity = 0.300000 ;LAst
color_shift = 1.000000, 1.000000, 1.000000

[DynamicAsteroids]
asteroid = debris_med2
count = 100 ;LAst
placement_radius = 1500.000000 ;LAst
placement_offset = 0.000000 ;LAst
max_velocity = 0.600000 ;LAst
max_angular_velocity = 0.300000 ;LAst
color_shift = 1.000000, 1.000000, 1.000000

[DynamicAsteroids]
asteroid = debris_large3
count = 100 ;LAst
placement_radius = 1500.000000 ;LAst
placement_offset = 0.000000 ;LAst
max_velocity = 0.600000 ;LAst
max_angular_velocity = 0.300000 ;LAst
color_shift = 1.000000, 1.000000, 1.000000

[DynamicAsteroids]
asteroid = debris_small2
count = 100 ;LAst
placement_radius = 1500.000000 ;LAst
placement_offset = 0.000000 ;LAst
max_velocity = 0.600000 ;LAst
max_angular_velocity = 0.300000 ;LAst
color_shift = 1.000000, 1.000000, 1.000000

;[Cube]

[AsteroidBillboards]
count = 1000 ;200
start_dist = 2500 ;700
fade_dist_percent = 0.5 ;0.700000
shape = debris_tri
color_shift = 1.100000, 1.100000, 1.100000
size = 120, 160
