[Field]
cube_size = 1000 ;400
fill_dist = 5000 ;1400
diffuse_color = 255, 200, 200
ambient_color = 255, 200, 200
ambient_increase = 70, 40, 0
;empty_cube_frequency = 0.300000

[properties]
flag = lava_objects
flag = Object_density_med

[DynamicAsteroids]
asteroid = lava01_asteroid10
count = 100 ;LAst
placement_radius = 1500.000000 ;LAst
placement_offset = 0.000000 ;LAst
max_velocity = 0.600000 ;LAst
max_angular_velocity = 0.300000 ;LAst
color_shift = 1.000000, 1.000000, 1.000000

[DynamicAsteroids]
asteroid = lava01_asteroid90
count = 100 ;LAst
placement_radius = 1500.000000 ;LAst
placement_offset = 0.000000 ;LAst
max_velocity = 0.600000 ;LAst
max_angular_velocity = 0.300000 ;LAst
color_shift = 1.000000, 1.000000, 1.000000

[DynamicAsteroids]
asteroid = lava01_asteroid30
count = 100 ;LAst
placement_radius = 1500.000000 ;LAst
placement_offset = 0.000000 ;LAst
max_velocity = 0.600000 ;LAst
max_angular_velocity = 0.300000 ;LAst
color_shift = 1.000000, 1.000000, 1.000000

[DynamicAsteroids]
asteroid = lava01_asteroid10
count = 100 ;LAst
placement_radius = 1500.000000 ;LAst
placement_offset = 0.000000 ;LAst
max_velocity = 0.600000 ;LAst
max_angular_velocity = 0.300000 ;LAst
color_shift = 1.000000, 1.000000, 1.000000

[DynamicAsteroids]
asteroid = lava01_asteroid30
count = 100 ;LAst
placement_radius = 1500.000000 ;LAst
placement_offset = 0.000000 ;LAst
max_velocity = 0.600000 ;LAst
max_angular_velocity = 0.300000 ;LAst
color_shift = 1.000000, 1.000000, 1.000000

[DynamicAsteroids]
asteroid = lava01_asteroid60
count = 100 ;LAst
placement_radius = 1500.000000 ;LAst
placement_offset = 0.000000 ;LAst
max_velocity = 0.600000 ;LAst
max_angular_velocity = 0.300000 ;LAst
color_shift = 1.000000, 1.000000, 1.000000

;[Cube]

;[DynamicAsteroids]
;asteroid = dasteroid_lava01
;count = 10
;placement_radius = 300 ;150.000000
;placement_offset = 0 ;90.000000
;max_velocity = 10.000000
;max_angular_velocity = 2.000000
;color_shift = 1, 1, 1
;