[TexturePanels]
file = solar\asteroids\rock_shapes.ini

[Field]
cube_size = 1000 ;400
fill_dist = 5000 ;1400
diffuse_color = 255, 255, 255
ambient_color = 90, 90, 90
ambient_increase = 30, 30, 30
;empty_cube_frequency = 0.400000

[properties]
flag = rock_objects
flag = Object_density_med

[DynamicAsteroids]
asteroid = beryl_asteroid10
count = 140 ;LAst
placement_radius = 2000.000000 ;LAst
placement_offset = 0.000000 ;LAst
max_velocity = 0.600000 ;LAst
max_angular_velocity = 0.300000 ;LAst
color_shift = 1.000000, 1.000000, 1.000000

[DynamicAsteroids]
asteroid = beryl_asteroid60
count = 140 ;LAst
placement_radius = 2000.000000 ;LAst
placement_offset = 0.000000 ;LAst
max_velocity = 0.600000 ;LAst
max_angular_velocity = 0.300000 ;LAst
color_shift = 1.000000, 1.000000, 1.000000

[DynamicAsteroids]
asteroid = beryl_asteroid60
count = 140 ;LAst
placement_radius = 2000.000000 ;LAst
placement_offset = 0.000000 ;LAst
max_velocity = 0.600000 ;LAst
max_angular_velocity = 0.300000 ;LAst
color_shift = 1.000000, 1.000000, 1.000000

[DynamicAsteroids]
asteroid = beryl_asteroid30
count = 140 ;LAst
placement_radius = 2000.000000 ;LAst
placement_offset = 0.000000 ;LAst
max_velocity = 0.600000 ;LAst
max_angular_velocity = 0.300000 ;LAst
color_shift = 1.000000, 1.000000, 1.000000

[DynamicAsteroids]
asteroid = beryl_asteroid90
count = 140 ;LAst
placement_radius = 2000.000000 ;LAst
placement_offset = 0.000000 ;LAst
max_velocity = 0.600000 ;LAst
max_angular_velocity = 0.300000 ;LAst
color_shift = 1.000000, 1.000000, 1.000000

[DynamicAsteroids]
asteroid = beryl_asteroid60
count = 140 ;LAst
placement_radius = 2000.000000 ;LAst
placement_offset = 0.000000 ;LAst
max_velocity = 0.600000 ;LAst
max_angular_velocity = 0.300000 ;LAst
color_shift = 1.000000, 1.000000, 1.000000

[DynamicAsteroids]
asteroid = beryl_asteroid10
count = 140 ;LAst
placement_radius = 2000.000000 ;LAst
placement_offset = 0.000000 ;LAst
max_velocity = 0.600000 ;LAst
max_angular_velocity = 0.300000 ;LAst
color_shift = 1.000000, 1.000000, 1.000000

;[Cube]

[AsteroidBillboards]
count = 1000 ;400
start_dist = 2500 ;1000
fade_dist_percent = 0.5 ;0.350000
shape = asteroid_beryl
color_shift = 0.800000, 0.800000, 0.800000
ambient_intensity = 1.000000
size = 30, 110

;[DynamicAsteroids]
;asteroid = dasteroid_beryllium
;count = 10
;placement_radius = 300 ;150.000000
;placement_offset = 0 ;90.000000
;max_velocity = 15.000000
;max_angular_velocity = 3.000000
;color_shift = 1.000000, 1.000000, 1.000000
;
[LootableZone]
asteroid_loot_container = lootcrate_ast_loot_beryl
asteroid_loot_commodity = commodity_beryllium
dynamic_loot_container = lootcrate_ast_loot_beryl
dynamic_loot_commodity = commodity_beryllium
asteroid_loot_count = 1, 30
dynamic_loot_count = 1, 30 ;1, 1
asteroid_loot_difficulty = 9 ;50
dynamic_loot_difficulty = 9 ;10
