[TexturePanels]
file = solar\asteroids\rock_shapes.ini

[Field]
cube_size = 1000 ;400
fill_dist = 5000 ;1300
tint_field = 255, 255, 255
;empty_cube_frequency = 0.200000

[Exclusion Zones]

[DynamicAsteroids]
asteroid = rock_asteroid90
count = 100 ;LAst
placement_radius = 1500.000000 ;LAst
placement_offset = 0.000000 ;LAst
max_velocity = 0.600000 ;LAst
max_angular_velocity = 0.300000 ;LAst
color_shift = 1.000000, 1.000000, 1.000000

[DynamicAsteroids]
asteroid = rock_asteroid60
count = 100 ;LAst
placement_radius = 1500.000000 ;LAst
placement_offset = 0.000000 ;LAst
max_velocity = 0.600000 ;LAst
max_angular_velocity = 0.300000 ;LAst
color_shift = 1.000000, 1.000000, 1.000000

[DynamicAsteroids]
asteroid = rock_asteroid60
count = 100 ;LAst
placement_radius = 1500.000000 ;LAst
placement_offset = 0.000000 ;LAst
max_velocity = 0.600000 ;LAst
max_angular_velocity = 0.300000 ;LAst
color_shift = 1.000000, 1.000000, 1.000000

[DynamicAsteroids]
asteroid = rock_asteroid30
count = 100 ;LAst
placement_radius = 1500.000000 ;LAst
placement_offset = 0.000000 ;LAst
max_velocity = 0.600000 ;LAst
max_angular_velocity = 0.300000 ;LAst
color_shift = 1.000000, 1.000000, 1.000000

[DynamicAsteroids]
asteroid = rock_asteroid90
count = 100 ;LAst
placement_radius = 1500.000000 ;LAst
placement_offset = 0.000000 ;LAst
max_velocity = 0.600000 ;LAst
max_angular_velocity = 0.300000 ;LAst
color_shift = 1.000000, 1.000000, 1.000000

[DynamicAsteroids]
asteroid = rock_asteroid60
count = 100 ;LAst
placement_radius = 1500.000000 ;LAst
placement_offset = 0.000000 ;LAst
max_velocity = 0.600000 ;LAst
max_angular_velocity = 0.300000 ;LAst
color_shift = 1.000000, 1.000000, 1.000000

;[Cube]

[AsteroidBillboards]
count = 1000 ;800
start_dist = 2500 ;1000
fade_dist_percent = 0.5 ;0.350000
shape = roid_rock_tri
color_shift = 0.800000, 0.800000, 0.800000
ambient_intensity = 1.000000
size = 90, 110

;[DynamicAsteroids]
;asteroid = dasteroid_rock_small1
;count = 10
;placement_radius = 300 ;150.000000
;placement_offset = 0 ;90.000000
;max_velocity = 15.000000
;max_angular_velocity = 3.000000
;color_shift = 1.000000, 1.000000, 1.000000
;