[TexturePanels]
file = solar\asteroids\rock_shapes.ini

[Field]
cube_size = 1000 ;400
fill_dist = 5000 ;1300
diffuse_color = 255, 255, 255
ambient_color = 40, 40, 40
ambient_increase = 60, 60, 60
;empty_cube_frequency = 0.200000

[properties]
flag = rock_objects
flag = object_density_med

[Exclusion Zones]
exclusion = Zone_Rh02_to_Rh01_hole
exclude_dynamic_asteroids = 1
exclude_billboards = 1

[DynamicAsteroids]
asteroid = nonmineable_asteroid10
count = 100 ;LAst
placement_radius = 1500.000000 ;LAst
placement_offset = 0.000000 ;LAst
max_velocity = 0.600000 ;LAst
max_angular_velocity = 0.300000 ;LAst
color_shift = 1.000000, 1.000000, 1.000000

[DynamicAsteroids]
asteroid = nonmineable_asteroid10
count = 100 ;LAst
placement_radius = 1500.000000 ;LAst
placement_offset = 0.000000 ;LAst
max_velocity = 0.600000 ;LAst
max_angular_velocity = 0.300000 ;LAst
color_shift = 1.000000, 1.000000, 1.000000

[DynamicAsteroids]
asteroid = nonmineable_asteroid30
count = 100 ;LAst
placement_radius = 1500.000000 ;LAst
placement_offset = 0.000000 ;LAst
max_velocity = 0.600000 ;LAst
max_angular_velocity = 0.300000 ;LAst
color_shift = 1.000000, 1.000000, 1.000000

[DynamicAsteroids]
asteroid = nonmineable_asteroid30
count = 100 ;LAst
placement_radius = 1500.000000 ;LAst
placement_offset = 0.000000 ;LAst
max_velocity = 0.600000 ;LAst
max_angular_velocity = 0.300000 ;LAst
color_shift = 1.000000, 1.000000, 1.000000

[DynamicAsteroids]
asteroid = nonmineable_asteroid60
count = 100 ;LAst
placement_radius = 1500.000000 ;LAst
placement_offset = 0.000000 ;LAst
max_velocity = 0.600000 ;LAst
max_angular_velocity = 0.300000 ;LAst
color_shift = 1.000000, 1.000000, 1.000000

;[Cube]

[Band]
render_parts = 1
shape = asteroid_belt_04
height = 4000
offset_dist = 2000
fade = 1.000000, 1.350000, 10, 14
texture_aspect = 1.000000
color_shift = 1.000000, 1.000000, 1.000000
ambient_intensity = 1.000000
vert_increase = 2

[AsteroidBillboards]
count = 1000 ;500
start_dist = 2500 ;1100
fade_dist_percent = 0.5 ;0.350000
shape = mine_rock_tri
color_shift = 0.900000, 0.900000, 0.900000
ambient_intensity = 0.800000
size = 30, 110

;[DynamicAsteroids]
;asteroid = dasteroid_rock_small1
;count = 10
;placement_radius = 300 ;150.000000
;placement_offset = 0 ;90.000000
;max_velocity = 15.000000
;max_angular_velocity = 3.000000
;color_shift = 1.000000, 1.000000, 1.000000
;